67 24
sil 0.018234 -0.006361 -0.000123 0.018788 -0.000855 0.009866 0.007827 -0.006635 -0.028528 -0.016149 -0.003069 -0.009398 -0.014093 0.002970 -0.001476 -0.027142 -0.018063 0.002351 0.017141 0.013360 0.010277 -0.040922 0.012607 -0.022157
aa -0.564076 0.166356 0.199455 -0.646845 0.719828 -0.954643 0.167543 -0.195682 -1.099625 0.398930 0.342297 0.488163 0.204068 -0.392796 -0.621626 -0.542795 0.161190 0.866890 -0.009098 -0.294343 -0.497510 -0.420058 0.671708 0.985034
a -0.114203 0.270763 0.539223 0.578623 1.046685 -0.210632 0.029051 0.555515 -0.450194 -0.010599 0.323646 0.312873 -0.505979 -0.098458 -0.607312 -0.061110 -0.074956 -0.430064 0.159985 0.124724 -0.247134 0.077385 0.274590 0.180713
ee 0.687867 -0.690079 -0.476693 0.479783 0.084755 -0.070182 0.970958 0.845178 -0.115030 -0.240445 -0.978758 0.010561 -0.177298 0.804704 1.024208 0.408771 1.341766 -0.518656 0.403276 0.322810 0.002385 -0.561096 0.937349 0.319410
e -1.029208 -0.241522 0.081966 -0.030110 -0.047957 -0.020727 0.331083 -0.013894 -0.434880 -0.269559 0.193741 0.064483 -0.193383 0.157919 -0.289505 -0.041577 -0.501688 -0.408739 -0.107396 -0.224244 -0.313129 0.081592 0.085098 0.104045
er 0.949059 -0.755213 -0.550857 0.749801 -0.030372 0.040615 0.894648 0.811459 -0.016799 -0.132374 -1.158459 -0.029890 -0.272283 1.073439 0.785415 0.439705 1.181546 -0.645460 0.755430 0.334833 -0.049438 -0.567788 0.560693 0.522199
g -1.335631 0.038750 0.817051 0.014816 0.204682 0.364981 0.625293 -0.304307 -1.251489 0.345757 -0.404806 -0.278268 0.182237 0.199576 -0.431218 -0.450780 -0.225814 0.158687 -0.629023 -0.229096 -0.173049 0.808964 -0.156155 -0.367514
en -0.005567 -0.324121 0.614571 0.950699 0.590353 -0.099390 -0.262184 0.518803 0.642235 0.433651 -0.562606 -0.081520 0.084148 0.153995 -0.927451 -0.015110 -0.347712 0.008123 -0.932022 -0.183143 -0.238696 0.201264 0.072651 0.162953
t -0.688405 -0.253414 0.392234 -0.175420 0.165543 0.204593 0.466894 -0.116120 -0.617731 -0.103130 -0.045184 -0.208918 -0.226815 -0.490879 -0.167761 -0.314054 -0.276071 -0.520390 -0.106927 0.566199 -0.223798 0.451949 0.119109 0.007561
ing -0.432309 0.262417 0.043380 -0.253732 -0.092540 0.196105 0.278258 0.285196 0.124713 0.452222 0.132927 -0.093425 0.177889 -0.492551 -0.064482 0.273998 0.344339 -0.355992 0.872469 0.370271 -0.274792 0.158864 -0.040494 0.426196
j -0.752924 0.154264 0.224789 -0.551226 -0.711583 0.109230 -0.478545 -0.287106 0.183532 0.217462 -0.346384 -0.729967 -0.086950 -0.808107 -0.276933 0.053598 0.104962 0.006828 0.634054 0.064532 -0.715486 0.301503 0.439918 -0.718795
iu -0.733854 0.286987 -0.638571 0.193561 -0.154038 0.239841 -0.100336 0.279680 0.656855 0.398898 -0.676317 -0.152587 0.540317 0.222246 -0.183012 -0.091995 0.668680 -0.143050 0.244022 -0.483266 -0.267575 0.694470 -0.163026 -0.011412
k -0.787708 -0.234849 0.028986 0.317968 -0.164573 0.112079 0.771460 -0.312935 -0.601377 -0.621154 0.796230 -0.724758 0.529449 -0.407162 -0.919492 -0.135385 -0.241089 0.183478 -0.522267 0.534547 -0.269605 0.251291 -0.015515 -0.493485
l -0.489718 -0.354271 -0.200974 -0.218704 -0.056274 0.206821 0.462468 0.090622 -0.155541 -0.188411 -0.043846 -0.445931 -0.145650 -0.374617 0.307481 -0.233240 0.443029 -0.412216 0.485509 0.250071 -0.525575 0.260372 0.370808 0.261761
b -0.003644 -0.083017 0.429922 0.025447 0.815266 -0.019915 0.126995 0.611785 -0.064516 0.489171 -0.144988 -0.173615 -0.384358 -0.582869 -0.808943 0.009676 0.241411 -0.325057 -0.311876 0.792638 -0.427152 0.124699 0.213954 0.292306
o 0.509335 0.200309 0.244034 -0.486994 0.408320 -0.437062 0.989322 0.700159 -0.548054 0.574760 0.481120 0.310824 0.016294 -0.831972 -0.200673 0.960982 0.018840 -0.643352 -0.278585 0.688016 0.989077 -0.096198 -1.049912 0.086343
sh -0.602676 -0.990475 -0.124264 0.469123 0.021216 -0.306425 0.418842 0.071462 0.031250 -0.100487 -0.500849 0.052630 0.462956 0.047788 -0.937902 0.627693 0.510089 -0.618159 -0.354351 0.007918 0.116322 -0.316122 0.503534 -0.670596
u -0.363027 -0.138409 0.328744 0.432418 0.292290 0.050658 0.118888 0.261162 0.297836 -0.023544 0.017997 0.000193 0.089282 -0.073051 -0.867808 0.023387 -0.404555 -0.334015 -0.412925 0.002327 -0.100901 0.560399 -0.072401 0.103643
z -0.269299 0.129650 0.246052 0.035283 -0.365110 -0.528235 0.166838 -0.442361 -0.662626 -0.050802 -0.905638 -0.203799 0.472489 0.275486 -0.136851 -0.359604 -0.520290 -0.295454 -0.857879 0.188944 -0.186131 0.419700 0.452546 -0.070916
iy 0.149430 0.845821 0.263063 0.216991 -1.058169 -0.796450 0.437236 -0.537644 -0.329270 -0.486062 -1.133665 -0.082280 0.155041 0.848585 -0.273037 -0.434905 -0.350237 -0.023394 -0.362554 0.548000 0.133412 0.440424 0.644885 0.194727
f -0.518014 -0.461526 0.201119 0.533895 0.901679 -0.422328 0.151459 0.101325 0.052357 0.180689 0.228874 0.398555 0.022957 -0.518752 -1.750785 -0.051564 0.247225 -0.443173 -0.611245 0.138105 -0.242512 -0.076571 0.464125 -0.174445
m -0.043841 0.445582 0.096808 -0.448838 0.843778 -0.122397 0.056229 0.473100 0.066900 0.492056 -0.301510 0.232502 -0.410060 -0.821851 -0.598554 -0.081011 0.303632 -0.922541 -0.722464 0.655815 0.141435 0.890312 -0.557144 0.027822
p -0.398312 0.422398 0.656810 -1.200477 0.345938 -1.110596 0.491745 0.166069 -0.548833 0.739285 0.233896 0.232098 0.271357 -0.963827 -1.116348 0.398724 0.237207 -0.193964 -0.095476 0.867617 -0.206051 0.269316 -0.191384 0.354481
uu 0.285984 -0.421770 -0.254879 0.307224 0.105530 1.080670 0.986976 -0.563357 0.320920 -0.112224 0.749784 -1.158494 0.690632 -0.216012 -0.181875 0.320735 0.002249 0.433893 -0.993361 0.296826 -0.143209 0.337227 -0.472400 -0.178392
un -0.543318 -0.420631 -0.101612 0.013710 -0.587608 0.216334 0.258303 -0.213248 0.658473 -1.258493 0.956924 -0.641856 -0.096831 -0.268193 -0.385624 -0.379928 -0.886997 -0.542937 -0.407225 0.738619 -0.605868 0.231686 0.220264 1.306562
ii -1.232982 -0.276587 -0.528693 -0.582818 -0.598323 -0.169217 0.257857 0.359873 0.711743 0.275160 -0.955029 -0.676813 0.668153 -0.481047 -0.354049 -0.020562 0.720747 -0.537674 0.293416 -0.511911 -0.176199 0.803410 -0.327720 0.073152
ia -0.970209 0.163640 0.307451 -0.211464 -0.534953 0.582279 -0.256442 -0.270472 -0.252293 0.129543 0.113911 -0.293518 0.149862 -0.330562 -0.529418 0.375736 -0.351831 0.065619 0.408474 0.208515 -0.377914 0.047700 0.108392 -0.827101
vv -0.102338 0.387187 -1.125437 0.193336 0.769226 -0.339410 -0.332785 -0.614526 -0.069752 0.331871 0.204440 0.138245 -0.080485 0.313698 0.388832 -0.547186 1.103359 0.963303 -0.037317 -1.229131 -0.227653 0.381580 0.681769 0.216190
v -0.547677 0.477495 -0.581433 -0.287299 0.295697 0.003541 -0.371985 -0.423306 0.048274 -0.305496 0.172426 0.360964 0.078939 0.061493 0.191308 -0.580825 0.225415 -0.066523 0.707173 -0.463759 -0.181192 0.229170 0.173459 -0.113677
uang -0.849224 -0.350454 0.523283 0.246457 -0.405335 0.700349 1.059520 0.038368 -0.254211 0.214700 0.677515 -0.497205 0.973290 0.218947 -1.553083 0.371275 0.029704 0.286592 0.057135 -0.353899 -0.790187 0.679353 0.052065 -0.193033
zh -1.233422 -0.702671 0.330365 0.282751 0.205926 -0.130023 -0.005466 -0.264030 -0.443895 -0.237992 -0.206829 -0.095973 0.051473 -0.158637 -0.880116 -0.177322 -0.440810 -0.177129 -0.617270 -0.096652 -0.195751 -0.247157 0.552673 -0.280512
ai -0.107131 0.392078 0.148781 -0.014754 -0.372375 -0.882290 0.485299 -0.033401 -0.354545 -0.216273 0.175807 0.109386 0.055406 0.144580 -0.588044 -0.011583 -0.368372 -0.132099 -0.321610 0.166204 0.118254 -0.172024 0.241414 0.465415
i -0.712788 0.165998 -0.070212 0.102070 -0.194706 0.270268 0.002973 0.266693 0.182861 0.117950 -0.244350 -0.234567 0.157366 -0.013894 -0.147981 -0.040223 0.155417 -0.421268 0.485123 0.165109 -0.428670 0.360428 0.105247 0.157454
s 0.293503 0.320951 0.145193 0.306715 -0.610322 -0.383490 0.769467 -0.249522 -0.850133 -0.026590 -0.695583 -0.366370 0.554229 0.372819 0.036174 -0.381038 -0.011879 -0.007407 -0.484993 0.405231 -0.479250 0.291794 0.633996 0.060837
d -1.002872 -0.381722 0.253780 -0.031700 0.464107 0.056433 0.226732 0.055007 -0.723370 -0.037109 -0.066838 -0.132526 -0.220689 -0.241503 -0.250961 -0.306225 -0.092251 -0.237687 -0.166354 -0.014218 -0.229753 0.103177 0.255135 -0.085714
ou -0.258716 -0.087403 -0.149080 -0.062313 -0.026349 -0.309512 -0.432088 -0.021127 -0.113289 -0.438574 -0.597582 0.435565 -0.448245 0.102478 -0.111262 0.368576 -1.084814 -0.617507 -0.919135 -0.064721 0.544733 -0.085212 -0.152278 -0.955767
eng -1.155968 -0.202137 0.369864 0.445405 0.348214 -0.344326 -0.007123 -0.205060 0.052211 -0.609168 -0.206647 0.363779 0.183223 0.298646 -1.103537 0.030822 -0.624865 -0.583006 -0.009629 -0.040602 -0.363563 0.737581 0.457008 -0.199045
x -1.065887 0.018421 -0.033001 -0.719429 -0.179022 0.139439 -0.613900 -0.298471 0.254020 0.217997 -0.071731 -0.521032 -0.048206 -0.928742 -0.340976 0.205898 0.232118 0.099350 0.750288 -0.210265 -0.595063 0.450211 0.352234 -0.634879
iao -1.119817 0.008546 0.027030 0.051267 -0.094975 -0.013353 -0.258352 0.170641 0.206785 0.057600 0.049332 0.099669 0.038137 -0.472166 -0.520285 0.055848 -0.091123 -0.704319 0.635243 0.313684 -0.372205 0.348912 0.087400 -0.187771
h -1.272184 -0.844868 -0.132944 -0.528378 0.077894 -0.149556 0.155277 -0.326992 -0.118304 -0.152884 0.494063 -0.562267 0.534445 -0.171113 -0.236351 -0.124386 -0.276796 0.042215 -1.175903 -0.258361 0.172284 -0.171771 -0.298196 0.325838
ao -0.595001 0.014477 0.876414 -0.205534 0.293809 -0.096221 0.200942 0.124053 -0.799449 0.515470 0.355293 -0.048119 -0.400469 0.004719 -0.328752 -0.007648 -0.495006 0.313143 0.074470 -0.100547 -0.374951 -0.537435 0.355976 0.536150
ui -0.283948 -0.187804 0.026058 -0.301074 -0.016102 0.076010 0.653325 0.070590 -0.282724 0.085493 0.418534 0.014638 0.133941 0.319941 -0.310112 0.084518 -0.419967 0.148601 -0.838799 -0.207730 0.199378 0.308702 -0.352939 0.299002
ch -1.136405 -0.455759 0.366580 0.411889 0.322962 -0.026145 0.357602 -0.391410 -0.366800 -0.057361 0.046156 0.114583 0.368673 -0.392814 -1.550301 0.100205 -0.059858 -0.318063 -0.174583 0.124373 -0.384610 0.180709 0.469696 -0.594187
ix -0.505978 -0.912934 -0.078918 0.436335 -0.088370 -0.472294 0.452894 0.436355 0.258218 -0.081653 -0.702985 0.256518 0.444835 0.546908 -0.763223 0.686878 0.255706 -0.608422 0.171711 -0.136075 -0.062962 -0.202778 0.543635 -0.472957
an -0.252801 0.585209 0.726985 0.290368 0.143700 -1.049158 0.462481 -0.060012 -0.471869 -0.035758 0.368852 0.153842 0.268365 0.253326 -1.135038 -0.068526 0.013850 0.153446 0.177654 0.119875 -0.482647 -0.070639 0.582744 0.671882
ang -0.906127 -0.540176 0.595022 0.302598 0.421844 -0.660502 -0.011869 0.224886 0.113095 0.110021 0.331080 0.328544 0.323277 -0.174247 -1.586273 0.523887 -0.415579 -0.069117 -0.124882 -0.160669 -0.368972 -0.156036 0.299487 -0.520303
uo -0.812532 0.216667 0.434761 0.050676 -0.118223 0.305557 0.598284 0.119944 -0.547928 0.364701 -0.532490 -0.180235 0.045219 0.663538 -0.406787 -0.307394 -0.532486 0.040141 -0.782187 -0.382727 0.025215 0.894927 -0.240880 0.257289
ua -0.804583 -0.942846 -0.569093 -0.467277 -0.082596 0.151534 0.256990 0.011657 0.441392 -0.117609 0.759543 -0.143146 0.106162 -0.304998 0.017404 0.085418 -0.760497 -0.105378 -0.511284 -0.199898 -0.105518 0.046639 -0.206060 0.390303
q -0.555822 0.282756 -0.375014 0.082838 0.360331 -0.129929 -0.141442 -0.237572 0.216047 0.200676 -0.181736 -0.206513 0.098063 -0.246447 -0.431196 -0.209882 0.870260 0.029616 0.446827 -0.512006 -0.541127 0.852610 0.479255 -0.154188
uan -0.484358 0.083845 0.210274 0.072412 0.154683 0.828767 0.275694 -0.123165 -0.340890 0.035772 0.376441 -0.097944 -0.061695 0.177469 -0.457731 -0.132706 -0.480561 0.035690 -0.280579 -0.501802 -0.338385 0.745159 -0.025645 -0.093372
ei -0.382132 0.669808 0.351304 0.154527 0.914118 -0.188183 -0.373502 0.533923 0.150062 0.306180 -0.154788 0.102172 -0.156526 -0.581972 -0.472015 -0.229873 -0.156549 -0.654944 -0.216745 0.056789 0.215712 0.879297 -0.519824 0.506929
ong -1.084823 0.326976 0.741916 -0.045084 -0.239997 -0.025433 0.346634 -0.484420 -0.779390 -0.108760 -0.517821 0.008338 -0.054271 0.754664 -0.314479 -0.340834 -0.682447 -0.168590 -0.245248 -0.394856 -0.510927 0.451851 0.378759 0.309289
in -0.365393 0.478877 0.239276 -0.312144 -0.587240 -0.252927 -0.207008 -0.167554 0.541188 0.572535 -0.329600 -0.299458 0.844082 -0.414213 -0.811004 0.348518 -0.249136 0.169408 0.274096 0.569227 -0.279606 0.296411 0.040229 0.384211
n -0.594321 0.307931 -0.076214 0.230328 -0.000498 -0.090708 0.944792 -0.388456 -0.411158 -0.184516 -0.176525 0.203057 0.000570 -0.246325 -0.477250 -0.733015 0.472602 -0.852506 0.375583 0.320390 -0.658354 1.162758 0.421826 0.203127
van -0.304054 0.612181 -0.204045 0.060537 0.699895 -0.133236 -0.346273 -0.479970 0.307999 0.486193 0.023124 0.405161 0.446619 0.356343 -0.394620 -0.894325 0.376604 0.549596 -0.206031 -1.022868 -0.084937 0.519400 -0.000670 -0.123026
r 0.296322 -0.291307 0.442884 0.743600 0.136106 0.721989 -0.545069 0.184762 0.770474 0.897918 -1.092524 -0.965049 0.120035 0.151243 -0.782631 -0.260815 -0.096864 0.336792 -1.002221 0.174422 -0.483031 0.088752 0.868843 0.209936
iang -1.261113 0.284306 0.056336 -0.363623 -0.168405 0.317033 -0.554866 -0.065209 0.058854 0.019984 -0.025475 -0.038952 -0.126540 -0.488427 -0.166209 -0.184009 -0.443643 -0.455103 0.457026 0.219414 -0.344449 0.371688 -0.083985 -0.206933
ve 0.383481 -0.113346 -0.549598 0.427891 0.404414 0.048557 -0.119179 0.062361 0.580195 0.029471 -0.128988 0.084190 0.234946 0.451207 0.014910 -0.307216 0.971263 0.478185 0.878901 -0.421106 -0.547571 -0.661224 0.860632 0.312338
ian -0.665548 0.335561 0.112701 0.164510 0.015887 0.210197 0.228438 0.014913 -0.053263 -0.015035 -0.150694 0.073320 0.275681 -0.058955 -0.409818 0.070395 0.298563 -0.568814 0.839358 0.273729 -0.348680 0.593699 0.211200 0.026028
vn -0.333242 0.638107 -0.314548 -0.514361 0.166327 0.265364 -0.898925 -0.555464 -0.254693 0.362198 0.712533 -0.165240 -0.170152 -0.099896 0.329330 -0.645272 -0.202719 1.426944 0.499541 -0.549591 -0.238544 -0.391859 0.136746 -0.544110
iz 0.916744 -0.105636 0.716512 1.135525 0.023151 0.685343 -0.618735 0.255329 0.961001 0.821278 -1.579021 -0.158818 -0.185452 0.330198 -0.273995 0.018281 0.550579 0.718453 -0.013267 -0.052711 -0.896138 -0.316825 0.962097 -0.083006
c -0.461850 0.020248 -0.139322 0.203195 -0.824416 -1.024537 0.197227 -0.694653 -0.165770 -0.855791 -0.402159 -0.328818 0.546533 0.020086 -0.293769 -0.963552 -0.783251 -0.590721 -0.590380 0.620658 -0.648351 0.225025 0.956185 0.748831
ueng 1.701098 -0.572114 -0.076493 -0.528071 -0.899219 1.354673 -0.858912 -0.823329 0.458104 -0.166651 1.289514 -0.678201 -0.091564 -0.723150 0.599000 0.854343 -0.132909 1.490059 -0.119044 0.001905 0.296674 -0.981712 -0.432291 -0.766642
ie -1.132496 -0.204710 -0.018580 -0.084904 -0.371939 0.231276 0.019412 0.395289 0.266575 0.189339 -0.124210 -0.198877 0.292303 -0.226907 -0.469603 0.284751 -0.083566 -0.415061 0.139087 0.199810 -0.287673 0.176521 -0.195738 -0.183274
uai 0.216584 0.460593 -0.174646 -0.394585 -0.795028 0.476304 0.489355 -0.054348 -0.561451 -0.347274 1.125878 -0.320881 0.131576 -0.220181 -0.489505 0.329161 -0.522111 0.087638 -0.812643 -0.128775 0.185594 0.188955 -0.686567 -1.080789
iong -1.772929 -0.018535 -0.575445 -0.575777 -0.438344 -0.749933 0.104699 0.406405 0.485283 0.476544 -0.232994 0.016433 0.760230 0.063407 -0.412663 -0.212787 0.316866 -0.321275 -0.326858 -0.743290 -0.227992 0.560568 -0.730534 0.487039
oo 0.455852 0.039513 -0.261373 -0.752503 0.592717 -0.464801 -1.468100 -0.315192 -0.095155 0.177717 -0.479467 0.682786 -0.957183 -0.158778 0.951101 -0.258596 -0.465817 -0.515598 -1.512681 0.031571 1.261220 -0.069835 -0.251829 -0.791284
